Shop enter uv,Priority 1
month,Priority
1,103561
2,71548
3,7578553
4,7570949
5,8096114
6,7823518
7,8310071
8,8581792
9,8251969
